"Date","Way","Base amount","Base currency (name)","Base type","Quote amount","Quote currency","Exchange","Sent/Received from","Sent to","Fee amount","Fee currency (name)","Broker","Notes","Sync Base Holding","Leverage Metadata"
"2024-05-27T10:22:23.000Z","BUY",1,"BTC (Bitcoin)","CRYPTO",68554.87,"USD","DGA",,,,,,,false,
"2024-05-27T10:22:34.000Z","BUY",1,"BTC (Bitcoin)","CRYPTO",68545.97,"USD","DGA",,,,,,,false,
"2024-05-27T10:22:42.000Z","BUY",1,"BTC (Bitcoin)","CRYPTO",68545.97,"USD","DGA",,,,,,,false,
"2024-05-27T11:42:27.000Z","BUY",1,"LEO (BNY Mellon Strategic Municipals Inc)","FUND",5.96,"USD","New York Stock Exchange",,,,,,,false,
"2024-05-27T11:42:34.000Z","BUY",1,"LEO (BNY Mellon Strategic Municipals Inc)","FUND",5.96,"USD","New York Stock Exchange",,,,,,,false,
"2024-05-27T11:42:43.000Z","BUY",1,"LEO (BNY Mellon Strategic Municipals Inc)","FUND",5.96,"USD","New York Stock Exchange",,,,,,,false,
"2024-05-27T11:42:51.000Z","BUY",1,"LEO (BNY Mellon Strategic Municipals Inc)","FUND",5.96,"USD","New York Stock Exchange",,,,,,,false,
"2024-05-27T11:42:58.000Z","BUY",1,"LEO (BNY Mellon Strategic Municipals Inc)","FUND",5.96,"USD","New York Stock Exchange",,,,,,,false,
"2024-05-27T11:43:51.000Z","BUY",1,"LEO* (UNUS SED LEO)","CRYPTO",5.94,"USD","DGA",,,,,,,false,
"2024-05-27T11:43:59.000Z","BUY",1,"LEO* (UNUS SED LEO)","CRYPTO",5.94,"USD","DGA",,,,,,,false,
"2024-05-27T11:44:06.000Z","BUY",1,"LEO* (UNUS SED LEO)","CRYPTO",5.99,"USD","DGA",,,,,,,false,
"2024-05-27T11:44:13.000Z","BUY",1,"LEO* (UNUS SED LEO)","CRYPTO",5.99,"USD","DGA",,,,,,,false,
"2024-05-27T11:44:22.000Z","BUY",1,"LEO* (UNUS SED LEO)","CRYPTO",5.99,"USD","DGA",,,,,,,false,
"2024-05-27T11:44:43.000Z","BUY",1,"LEO (LEOcoin)","CRYPTO",5.77,"USD","DGA",,,,,,,false,
"2024-05-27T11:44:51.000Z","BUY",1,"LEO (LEOcoin)","CRYPTO",5.77,"USD","DGA",,,,,,,false,
"2024-05-27T11:44:57.000Z","BUY",1,"LEO (LEOcoin)","CRYPTO",5.77,"USD","DGA",,,,,,,false,
"2024-05-27T11:45:05.000Z","BUY",1,"LEO (LEOcoin)","CRYPTO",5.77,"USD","DGA",,,,,,,false,
"2024-05-27T11:45:13.000Z","BUY",1,"LEO (LEOcoin)","CRYPTO",5.77,"USD","DGA",,,,,,,false,
"2024-05-27T11:46:20.000Z","BUY",1,"LIII (Leo Holdings III Corp - Ordinary Shares - Class A)","STOCK",9.54,"USD","New York Stock Exchange",,,,,,,false,
"2024-05-27T11:46:31.000Z","BUY",1,"LIII (Leo Holdings III Corp - Ordinary Shares - Class A)","STOCK",9.54,"USD","New York Stock Exchange",,,,,,,false,
"2024-05-27T11:46:39.000Z","BUY",1,"LIII (Leo Holdings III Corp - Ordinary Shares - Class A)","STOCK",9.54,"USD","New York Stock Exchange",,,,,,,false,
"2024-05-27T11:46:48.000Z","BUY",1,"LIII (Leo Holdings III Corp - Ordinary Shares - Class A)","STOCK",9.54,"USD","New York Stock Exchange",,,,,,,false,
"2024-05-27T11:46:56.000Z","BUY",1,"LIII (Leo Holdings III Corp - Ordinary Shares - Class A)","STOCK",9.54,"USD","New York Stock Exchange",,,,,,,false,
"2024-05-27T11:48:34.000Z","BUY",1,"CRWD (Crowdstrike Holdings Inc)","STOCK",351.47,"USD","Nasdaq",,,,,,,false,
"2024-05-27T11:48:45.000Z","BUY",1,"CRWD (Crowdstrike Holdings Inc)","STOCK",351.47,"USD","Nasdaq",,,,,,,false,
"2024-05-27T11:48:54.000Z","BUY",1,"CRWD (Crowdstrike Holdings Inc)","STOCK",351.47,"USD","Nasdaq",,,,,,,false,
"2024-05-27T11:49:01.000Z","BUY",1,"CRWD (Crowdstrike Holdings Inc)","STOCK",351.47,"USD","Nasdaq",,,,,,,false,
"2024-05-27T11:49:11.000Z","BUY",1,"CRWD (Crowdstrike Holdings Inc)","STOCK",351.47,"USD","Nasdaq",,,,,,,false,
"2024-05-27T11:50:24.000Z","BUY",1,"AFL (Aflac Inc)","STOCK",87.7,"USD","New York Stock Exchange",,,,,,,false,
"2024-05-27T11:50:32.000Z","BUY",1,"AFL (Aflac Inc)","STOCK",87.7,"USD","New York Stock Exchange",,,,,,,false,
"2024-05-27T11:50:39.000Z","BUY",1,"AFL (Aflac Inc)","STOCK",87.7,"USD","New York Stock Exchange",,,,,,,false,
"2024-05-27T11:50:47.000Z","BUY",1,"AFL (Aflac Inc)","STOCK",87.7,"USD","New York Stock Exchange",,,,,,,false,
"2024-05-27T11:50:55.000Z","BUY",1,"AFL (Aflac Inc)","STOCK",87.7,"USD","New York Stock Exchange",,,,,,,false,
"2024-05-27T11:52:10.000Z","BUY",1,"MLM (Martin Marietta Materials Inc)","STOCK",579.16,"USD","New York Stock Exchange",,,,,,,false,
"2024-05-27T11:52:19.000Z","BUY",1,"MLM (Martin Marietta Materials Inc)","STOCK",579.16,"USD","New York Stock Exchange",,,,,,,false,
"2024-05-27T11:52:32.000Z","BUY",1,"MLM (Martin Marietta Materials Inc)","STOCK",579.16,"USD","New York Stock Exchange",,,,,,,false,
"2024-05-27T11:52:40.000Z","BUY",1,"MLM (Martin Marietta Materials Inc)","STOCK",579.16,"USD","New York Stock Exchange",,,,,,,false,
"2024-05-27T11:52:47.000Z","BUY",1,"MLM (Martin Marietta Materials Inc)","STOCK",579.16,"USD","New York Stock Exchange",,,,,,,false,
"2024-05-27T11:53:34.000Z","BUY",1,"VMC (Vulcan Materials Co)","STOCK",259.14,"USD","New York Stock Exchange",,,,,,,false,
"2024-05-27T11:53:42.000Z","BUY",1,"VMC (Vulcan Materials Co)","STOCK",259.14,"USD","New York Stock Exchange",,,,,,,false,
"2024-05-27T11:53:48.000Z","BUY",1,"VMC (Vulcan Materials Co)","STOCK",259.14,"USD","New York Stock Exchange",,,,,,,false,
"2024-05-27T11:53:57.000Z","BUY",1,"VMC (Vulcan Materials Co)","STOCK",259.14,"USD","New York Stock Exchange",,,,,,,false,
"2024-05-27T11:54:05.000Z","BUY",1,"VMC (Vulcan Materials Co)","STOCK",259.14,"USD","New York Stock Exchange",,,,,,,false,
"2024-05-27T11:55:02.000Z","BUY",1.0000000000000001e+29,"AD.AS (Koninklijke Ahold Delhaize NV)","STOCK",2.91e+30,"EUR","Euronext Amsterdam",,,,,,,false,
"2024-05-27T11:55:09.000Z","BUY",1,"AD.AS (Koninklijke Ahold Delhaize NV)","STOCK",29.1,"EUR","Euronext Amsterdam",,,,,,,false,
"2024-05-27T11:55:16.000Z","BUY",1,"AD.AS (Koninklijke Ahold Delhaize NV)","STOCK",29.1,"EUR","Euronext Amsterdam",,,,,,,false,
"2024-05-27T11:55:23.000Z","BUY",1,"AD.AS (Koninklijke Ahold Delhaize NV)","STOCK",29.1,"EUR","Euronext Amsterdam",,,,,,,false,
"2024-05-27T11:55:32.000Z","BUY",1,"AD.AS (Koninklijke Ahold Delhaize NV)","STOCK",29.1,"EUR","Euronext Amsterdam",,,,,,,false,
"2024-05-27T11:56:29.000Z","BUY",1,"BR (Broadridge Financial Solutions Inc)","STOCK",200.52,"USD","New York Stock Exchange",,,,,,,false,
"2024-05-27T11:56:38.000Z","BUY",1,"BR (Broadridge Financial Solutions Inc)","STOCK",200.52,"USD","New York Stock Exchange",,,,,,,false,
"2024-05-27T11:56:46.000Z","BUY",1,"BR (Broadridge Financial Solutions Inc)","STOCK",200.52,"USD","New York Stock Exchange",,,,,,,false,
"2024-05-27T11:57:23.000Z","BUY",1,"PTC (PTC Inc)","STOCK",183,"USD","Nasdaq",,,,,,,false,
"2024-05-27T11:57:31.000Z","BUY",1,"PTC (PTC Inc)","STOCK",183,"USD","Nasdaq",,,,,,,false,
"2024-05-27T11:57:40.000Z","BUY",1,"PTC (PTC Inc)","STOCK",183,"USD","Nasdaq",,,,,,,false,
"2024-05-27T11:57:55.000Z","BUY",1,"ARGX.BR (Argenx SE)","STOCK",339.1,"EUR","Euronext Brussels",,,,,,,false,
"2024-05-27T11:58:05.000Z","BUY",1,"ARGX.BR (Argenx SE)","STOCK",339.1,"EUR","Euronext Brussels",,,,,,,false,
"2024-05-27T11:58:14.000Z","BUY",1,"ARGX.BR (Argenx SE)","STOCK",339.1,"EUR","Euronext Brussels",,,,,,,false,
"2024-05-27T11:59:48.000Z","BUY",1e+30,"LOGN.SW (Logitech International SA)","STOCK",8.776e+31,"CHF","SIX Swiss Exchange",,,,,,,false,
"2024-05-27T11:59:56.000Z","BUY",1,"LOGN.SW (Logitech International SA)","STOCK",87.76,"CHF","SIX Swiss Exchange",,,,,,,false,
"2024-05-27T12:00:04.000Z","BUY",1,"LOGN.SW (Logitech International SA)","STOCK",87.76,"CHF","SIX Swiss Exchange",,,,,,,false,
"2024-05-29T21:17:14.000Z","BUY",1,"REGN (Regeneron Pharmaceuticals Inc)","STOCK",966.49,"USD","Nasdaq",,,,,,,false,
"2024-05-29T21:17:27.000Z","BUY",1,"REGN (Regeneron Pharmaceuticals Inc)","STOCK",966.49,"USD","Nasdaq",,,,,,,false,
"2024-05-29T21:17:37.000Z","BUY",1,"REGN (Regeneron Pharmaceuticals Inc)","STOCK",966.49,"USD","Nasdaq",,,,,,,false,
"2024-05-29T21:17:46.000Z","BUY",1,"REGN (Regeneron Pharmaceuticals Inc)","STOCK",966.49,"USD","Nasdaq",,,,,,,false,
"2024-05-29T21:17:55.000Z","BUY",1,"REGN (Regeneron Pharmaceuticals Inc)","STOCK",966.49,"USD","Nasdaq",,,,,,,false,
"2024-05-29T21:18:19.000Z","BUY",1,"REGN (Regeneron Pharmaceuticals Inc)","STOCK",966.49,"USD","Nasdaq",,,,,,,false,
"2024-05-29T21:18:28.000Z","BUY",1,"REGN (Regeneron Pharmaceuticals Inc)","STOCK",966.49,"USD","Nasdaq",,,,,,,false,
"2024-05-29T21:20:14.000Z","BUY",1,"CSX (CSX Corp)","STOCK",33.24,"USD","Nasdaq",,,,,,,false,
"2024-05-29T21:20:24.000Z","BUY",1,"CSX (CSX Corp)","STOCK",33.24,"USD","Nasdaq",,,,,,,false,
"2024-05-29T21:20:33.000Z","BUY",1,"CSX (CSX Corp)","STOCK",33.24,"USD","Nasdaq",,,,,,,false,
"2024-05-29T21:20:43.000Z","BUY",1,"CSX (CSX Corp)","STOCK",33.24,"USD","Nasdaq",,,,,,,false,
"2024-05-29T21:20:51.000Z","BUY",1,"CSX (CSX Corp)","STOCK",33.24,"USD","Nasdaq",,,,,,,false,
"2024-05-29T21:21:00.000Z","BUY",1,"CSX (CSX Corp)","STOCK",33.24,"USD","Nasdaq",,,,,,,false,
"2024-05-29T21:21:11.000Z","BUY",1,"CSX (CSX Corp)","STOCK",33.24,"USD","Nasdaq",,,,,,,false,
"2024-05-29T21:25:11.000Z","BUY",1,"ZM (Zoom Communications Inc)","STOCK",61.36,"USD","Nasdaq",,,,,,,false,
"2024-05-29T21:25:20.000Z","BUY",1,"ZM (Zoom Communications Inc)","STOCK",61.36,"USD","Nasdaq",,,,,,,false,
"2024-05-29T21:25:28.000Z","BUY",1,"ZM (Zoom Communications Inc)","STOCK",61.36,"USD","Nasdaq",,,,,,,false,
"2024-05-29T21:25:38.000Z","BUY",1,"ZM (Zoom Communications Inc)","STOCK",61.36,"USD","Nasdaq",,,,,,,false,
"2024-05-29T21:25:47.000Z","BUY",1,"ZM (Zoom Communications Inc)","STOCK",61.36,"USD","Nasdaq",,,,,,,false,
"2024-05-29T21:27:08.000Z","BUY",1.0000000000000001e+29,"LODHA.NS (Macrotech Developers Ltd)","STOCK",1.2930000000000002e+32,"INR","National Stock Exchange of India",,,,,,,false,
"2024-05-29T21:27:20.000Z","BUY",1,"LODHA.NS (Macrotech Developers Ltd)","STOCK",1293,"INR","National Stock Exchange of India",,,,,,,false,
"2024-05-29T21:27:29.000Z","BUY",1,"LODHA.NS (Macrotech Developers Ltd)","STOCK",1293,"INR","National Stock Exchange of India",,,,,,,false,
"2024-05-29T21:27:38.000Z","BUY",1,"LODHA.NS (Macrotech Developers Ltd)","STOCK",1293,"INR","National Stock Exchange of India",,,,,,,false,
"2024-05-29T21:27:46.000Z","BUY",1,"LODHA.NS (Macrotech Developers Ltd)","STOCK",1293,"INR","National Stock Exchange of India",,,,,,,false,
"2024-05-29T21:28:30.000Z","BUY",1,"LOGN.SW (Logitech International SA)","STOCK",87.22,"CHF","SIX Swiss Exchange",,,,,,,false,
"2024-05-29T21:28:39.000Z","BUY",1,"LOGN.SW (Logitech International SA)","STOCK",87.22,"CHF","SIX Swiss Exchange",,,,,,,false,
"2024-05-29T21:29:00.000Z","BUY",1,"LOGN.SW (Logitech International SA)","STOCK",87.22,"CHF","SIX Swiss Exchange",,,,,,,false,
"2024-05-29T21:29:33.000Z","BUY",1,"968.HK (Xinyi Solar Holdings Limited)","STOCK",5.32,"HKD","Hong Kong Exchange",,,,,,,false,
"2024-05-29T21:29:43.000Z","BUY",1,"968.HK (Xinyi Solar Holdings Limited)","STOCK",5.32,"HKD","Hong Kong Exchange",,,,,,,false,
"2024-05-29T21:29:54.000Z","BUY",1,"968.HK (Xinyi Solar Holdings Limited)","STOCK",5.32,"HKD","Hong Kong Exchange",,,,,,,false,
"2024-05-29T21:30:04.000Z","BUY",1,"968.HK (Xinyi Solar Holdings Limited)","STOCK",5.32,"HKD","Hong Kong Exchange",,,,,,,false,
"2024-05-29T21:30:15.000Z","BUY",1,"968.HK (Xinyi Solar Holdings Limited)","STOCK",5.32,"HKD","Hong Kong Exchange",,,,,,,false,
"2024-05-29T21:31:11.000Z","BUY",1,"1833.HK (Ping An Healthcare And Technology Company Limited)","STOCK",11.88,"HKD","Hong Kong Exchange",,,,,,,false,
"2024-05-29T21:31:22.000Z","BUY",1,"1833.HK (Ping An Healthcare And Technology Company Limited)","STOCK",11.88,"HKD","Hong Kong Exchange",,,,,,,false,
"2024-05-29T21:31:32.000Z","BUY",1,"1833.HK (Ping An Healthcare And Technology Company Limited)","STOCK",11.88,"HKD","Hong Kong Exchange",,,,,,,false,
"2024-05-29T21:32:05.000Z","BUY",1e+32,"SGRO.L (Segro PLC)","STOCK",8.93e+32,"GBP","London Stock Exchange",,,,,,,false,
"2024-05-29T21:32:15.000Z","BUY",1,"SGRO.L (Segro PLC)","STOCK",8.93,"GBP","London Stock Exchange",,,,,,,false,
"2024-05-29T21:32:24.000Z","BUY",1,"SGRO.L (Segro PLC)","STOCK",8.93,"GBP","London Stock Exchange",,,,,,,false,
"2024-05-29T21:35:34.000Z","BUY",1e+30,"WOW.AX (Woolworths Group Ltd)","STOCK",3.11e+31,"AUD","ASX",,,,,,,false,
"2024-05-29T21:35:44.000Z","BUY",1,"WOW.AX (Woolworths Group Ltd)","STOCK",31.1,"AUD","ASX",,,,,,,false,
"2024-05-29T21:35:53.000Z","BUY",1,"WOW.AX (Woolworths Group Ltd)","STOCK",31.1,"AUD","ASX",,,,,,,false,
"2024-05-29T21:36:03.000Z","BUY",1,"WOW.AX (Woolworths Group Ltd)","STOCK",31.1,"AUD","ASX",,,,,,,false,
"2024-05-29T21:36:12.000Z","BUY",1,"WOW.AX (Woolworths Group Ltd)","STOCK",31.1,"AUD","ASX",,,,,,,false,
"2024-05-29T21:37:00.000Z","BUY",1,"SAND.ST (Sandvik AB)","STOCK",232.4,"SEK","Nasdaq Stockholm",,,,,,,false,
"2024-05-29T21:37:08.000Z","BUY",1,"SAND.ST (Sandvik AB)","STOCK",232.4,"SEK","Nasdaq Stockholm",,,,,,,false,
"2024-05-29T21:37:18.000Z","BUY",1,"SAND.ST (Sandvik AB)","STOCK",232.4,"SEK","Nasdaq Stockholm",,,,,,,false,
"2024-05-29T21:38:00.000Z","BUY",1,"VICI (VICI Properties Inc)","STOCK",27.92,"USD","New York Stock Exchange",,,,,,,false,
"2024-05-29T21:38:09.000Z","BUY",1,"VICI (VICI Properties Inc)","STOCK",27.92,"USD","New York Stock Exchange",,,,,,,false,
"2024-05-29T21:38:18.000Z","BUY",1,"VICI (VICI Properties Inc)","STOCK",27.92,"USD","New York Stock Exchange",,,,,,,false,
"2024-05-29T21:38:28.000Z","BUY",1,"VICI (VICI Properties Inc)","STOCK",27.92,"USD","New York Stock Exchange",,,,,,,false,
"2024-05-29T21:38:37.000Z","BUY",1,"VICI (VICI Properties Inc)","STOCK",27.92,"USD","New York Stock Exchange",,,,,,,false,
"2024-05-29T21:39:00.000Z","BUY",1,"ROK (Rockwell Automation Inc)","STOCK",255.31,"USD","New York Stock Exchange",,,,,,,false,
"2024-05-29T21:39:11.000Z","BUY",1,"ROK (Rockwell Automation Inc)","STOCK",255.31,"USD","New York Stock Exchange",,,,,,,false,
"2024-05-29T21:39:20.000Z","BUY",1,"ROK (Rockwell Automation Inc)","STOCK",255.31,"USD","New York Stock Exchange",,,,,,,false,
"2024-05-29T21:39:29.000Z","BUY",1,"ROK (Rockwell Automation Inc)","STOCK",255.31,"USD","New York Stock Exchange",,,,,,,false,
"2024-05-29T21:39:39.000Z","BUY",1,"ROK (Rockwell Automation Inc)","STOCK",255.31,"USD","New York Stock Exchange",,,,,,,false,
"2024-05-29T21:40:07.000Z","BUY",100000000000000000,"MSTR (MicroStrategy Inc)","STOCK",161870000000000000000,"USD","Nasdaq",,,,,,,false,
"2024-05-29T21:40:18.000Z","BUY",1,"MSTR (MicroStrategy Inc)","STOCK",1618.7,"USD","Nasdaq",,,,,,,false,
"2024-05-29T21:40:28.000Z","BUY",1,"MSTR (MicroStrategy Inc)","STOCK",1618.7,"USD","Nasdaq",,,,,,,false,
"2024-05-29T21:40:38.000Z","BUY",1,"MSTR (MicroStrategy Inc)","STOCK",1618.7,"USD","Nasdaq",,,,,,,false,
"2024-05-29T21:40:48.000Z","BUY",1,"MSTR (MicroStrategy Inc)","STOCK",1618.7,"USD","Nasdaq",,,,,,,false,
"2024-05-29T21:41:38.000Z","BUY",1,"DVN (Devon Energy Corp)","STOCK",47.17,"USD","New York Stock Exchange",,,,,,,false,
"2024-05-29T21:41:49.000Z","BUY",1,"DVN (Devon Energy Corp)","STOCK",47.17,"USD","New York Stock Exchange",,,,,,,false,
"2024-05-29T21:41:59.000Z","BUY",1,"DVN (Devon Energy Corp)","STOCK",47.17,"USD","New York Stock Exchange",,,,,,,false,
"2024-05-29T21:42:09.000Z","BUY",1,"DVN (Devon Energy Corp)","STOCK",47.17,"USD","New York Stock Exchange",,,,,,,false,
"2024-05-29T21:42:18.000Z","BUY",1,"DVN (Devon Energy Corp)","STOCK",47.17,"USD","New York Stock Exchange",,,,,,,false,
"2024-05-29T21:42:53.000Z","BUY",1,"GRMN (Garmin Ltd)","STOCK",161.91,"USD","New York Stock Exchange",,,,,,,false,
"2024-05-29T21:43:04.000Z","BUY",1,"GRMN (Garmin Ltd)","STOCK",161.91,"USD","New York Stock Exchange",,,,,,,false,
"2024-05-29T21:43:15.000Z","BUY",1,"GRMN (Garmin Ltd)","STOCK",161.91,"USD","New York Stock Exchange",,,,,,,false,
"2024-05-29T21:43:25.000Z","BUY",1,"GRMN (Garmin Ltd)","STOCK",161.91,"USD","New York Stock Exchange",,,,,,,false,
"2024-05-29T21:43:42.000Z","BUY",1,"GRMN (Garmin Ltd)","STOCK",161.91,"USD","New York Stock Exchange",,,,,,,false,
"2024-05-29T21:48:06.000Z","BUY",1,"SBIN.NS (State Bank of India)","STOCK",825,"INR","National Stock Exchange of India",,,,,,,false,
"2024-05-29T21:48:16.000Z","BUY",1,"SBIN.NS (State Bank of India)","STOCK",825,"INR","National Stock Exchange of India",,,,,,,false,
"2024-05-29T21:48:24.000Z","BUY",1,"SBIN.NS (State Bank of India)","STOCK",825,"INR","National Stock Exchange of India",,,,,,,false,
"2024-05-29T21:48:32.000Z","BUY",1,"SBIN.NS (State Bank of India)","STOCK",825,"INR","National Stock Exchange of India",,,,,,,false,
"2024-05-29T21:48:41.000Z","BUY",1,"SBIN.NS (State Bank of India)","STOCK",825,"INR","National Stock Exchange of India",,,,,,,false,
"2024-05-29T21:49:21.000Z","BUY",1,"FI (Fiserv Inc)","STOCK",147.9,"USD","New York Stock Exchange",,,,,,,false,
"2024-05-29T21:49:31.000Z","BUY",1,"FI (Fiserv Inc)","STOCK",147.9,"USD","New York Stock Exchange",,,,,,,false,
"2024-05-29T21:49:39.000Z","BUY",1,"FI (Fiserv Inc)","STOCK",147.9,"USD","New York Stock Exchange",,,,,,,false,
"2024-05-29T21:49:48.000Z","BUY",1,"FI (Fiserv Inc)","STOCK",147.9,"USD","New York Stock Exchange",,,,,,,false,
"2024-05-29T21:49:55.000Z","BUY",1,"FI (Fiserv Inc)","STOCK",147.9,"USD","New York Stock Exchange",,,,,,,false,
"2024-05-29T21:51:18.000Z","BUY",1,"AIR.PA (Airbus SE)","STOCK",156.82,"EUR","Euronext Paris",,,,,,,false,
"2024-05-29T21:51:28.000Z","BUY",1,"AIR.PA (Airbus SE)","STOCK",156.82,"EUR","Euronext Paris",,,,,,,false,
"2024-05-29T21:51:35.000Z","BUY",1,"AIR.PA (Airbus SE)","STOCK",156.82,"EUR","Euronext Paris",,,,,,,false,
"2024-05-29T21:51:46.000Z","BUY",1,"AIR.PA (Airbus SE)","STOCK",156.82,"EUR","Euronext Paris",,,,,,,false,
"2024-05-29T21:51:46.000Z","BUY",1,"AIR.PA (Airbus SE)","STOCK",156.82,"EUR","Euronext Paris",,,,,,,false,
"2024-05-29T21:51:55.000Z","BUY",1,"AIR.PA (Airbus SE)","STOCK",156.82,"EUR","Euronext Paris",,,,,,,false,
"2024-05-29T21:52:14.000Z","BUY",1,"CDI.PA (Christian Dior SE)","STOCK",693.5,"EUR","Euronext Paris",,,,,,,false,
"2024-05-29T21:52:25.000Z","BUY",1,"CDI.PA (Christian Dior SE)","STOCK",693.5,"EUR","Euronext Paris",,,,,,,false,
"2024-05-29T21:52:34.000Z","BUY",1,"CDI.PA (Christian Dior SE)","STOCK",693.5,"EUR","Euronext Paris",,,,,,,false,
"2024-05-29T21:52:44.000Z","BUY",1,"CDI.PA (Christian Dior SE)","STOCK",693.5,"EUR","Euronext Paris",,,,,,,false,
"2024-05-29T21:52:53.000Z","BUY",1,"CDI.PA (Christian Dior SE)","STOCK",693.5,"EUR","Euronext Paris",,,,,,,false,
"2024-05-29T21:53:15.000Z","BUY",1e+31,"RIO.AX (Rio Tinto Ltd)","STOCK",1.2957e+33,"AUD","ASX",,,,,,,false,
"2024-05-29T21:53:26.000Z","BUY",1,"RIO.AX (Rio Tinto Ltd)","STOCK",129.57,"AUD","ASX",,,,,,,false,
"2024-05-29T21:53:35.000Z","BUY",1,"RIO.AX (Rio Tinto Ltd)","STOCK",129.57,"AUD","ASX",,,,,,,false,
"2024-05-29T21:53:45.000Z","BUY",1,"RIO.AX (Rio Tinto Ltd)","STOCK",129.57,"AUD","ASX",,,,,,,false,
"2024-05-29T21:53:55.000Z","BUY",1,"RIO.AX (Rio Tinto Ltd)","STOCK",129.57,"AUD","ASX",,,,,,,false,
"2024-05-29T21:55:42.000Z","BUY",1e+37,"TSLA (Tesla Inc)","STOCK",1.7619e+39,"USD","Nasdaq",,,,,,,false,
"2024-05-29T21:55:51.000Z","BUY",1,"TSLA (Tesla Inc)","STOCK",176.19,"USD","Nasdaq",,,,,,,false,
"2024-05-29T21:56:00.000Z","BUY",1,"TSLA (Tesla Inc)","STOCK",176.19,"USD","Nasdaq",,,,,,,false,
"2024-05-29T21:56:08.000Z","BUY",1,"TSLA (Tesla Inc)","STOCK",176.19,"USD","Nasdaq",,,,,,,false,
"2024-05-29T21:56:16.000Z","BUY",1,"TSLA (Tesla Inc)","STOCK",176.19,"USD","Nasdaq",,,,,,,false,
"2024-05-29T21:56:27.000Z","BUY",1,"TSLA (Tesla Inc)","STOCK",176.19,"USD","Nasdaq",,,,,,,false,
"2024-05-29T21:56:36.000Z","BUY",1,"TSLA (Tesla Inc)","STOCK",176.19,"USD","Nasdaq",,,,,,,false,
"2024-05-29T21:56:45.000Z","BUY",1,"TSLA (Tesla Inc)","STOCK",176.19,"USD","Nasdaq",,,,,,,false,
"2024-05-29T21:56:54.000Z","BUY",1,"TSLA (Tesla Inc)","STOCK",176.19,"USD","Nasdaq",,,,,,,false,
"2024-05-29T21:57:02.000Z","BUY",1,"TSLA (Tesla Inc)","STOCK",176.19,"USD","Nasdaq",,,,,,,false,
"2024-05-29T21:57:39.000Z","BUY",1,"MC.PA (LVMH Moet Hennessy Louis Vuitton SE)","STOCK",728.3,"EUR","Euronext Paris",,,,,,,false,
"2024-05-29T21:57:49.000Z","BUY",1,"MC.PA (LVMH Moet Hennessy Louis Vuitton SE)","STOCK",728.3,"EUR","Euronext Paris",,,,,,,false,
"2024-05-29T21:57:57.000Z","BUY",1,"MC.PA (LVMH Moet Hennessy Louis Vuitton SE)","STOCK",728.3,"EUR","Euronext Paris",,,,,,,false,
"2024-07-16T11:43:59.000Z","BUY",1,"BTC (Bitcoin)","CRYPTO",63776.57,"USD","DGA",,,,,,,false,
"2024-07-16T11:44:42.000Z","BUY",1,"BTC (Bitcoin)","CRYPTO",63807.65,"USD","DGA",,,,,,,false,
"2024-07-16T11:45:20.000Z","BUY",1,"BTC (Bitcoin)","CRYPTO",63809.15,"USD","DGA",,,,,,,false,
"2024-09-28T16:02:23.000Z","BUY",1,"BTC (Bitcoin)","CRYPTO",65661.29,"USD","DGA",,,,,,,false,
"2024-09-28T16:02:34.000Z","BUY",1,"BTC (Bitcoin)","CRYPTO",65662.51,"USD","DGA",,,,,,,false,
"2024-09-28T16:02:45.000Z","BUY",1,"BTC (Bitcoin)","CRYPTO",65661.94,"USD","DGA",,,,,,,false,
"2024-09-28T16:03:01.000Z","BUY",1,"BTC (Bitcoin)","CRYPTO",65661.73,"USD","DGA",,,,,,,false,
"2024-11-11T02:01:56.000Z","BUY",1,"AD.AS (Koninklijke Ahold Delhaize NV)","STOCK",32.51,"EUR","Euronext Amsterdam",,,,,,,false,
"2024-11-11T02:02:07.000Z","BUY",1,"AD.AS (Koninklijke Ahold Delhaize NV)","STOCK",32.51,"EUR","Euronext Amsterdam",,,,,,,false,
"2024-11-11T02:02:16.000Z","BUY",1,"AD.AS (Koninklijke Ahold Delhaize NV)","STOCK",32.51,"EUR","Euronext Amsterdam",,,,,,,false,
"2024-11-11T02:02:25.000Z","BUY",1,"AD.AS (Koninklijke Ahold Delhaize NV)","STOCK",32.51,"EUR","Euronext Amsterdam",,,,,,,false,
"2024-11-11T02:02:34.000Z","BUY",1,"AD.AS (Koninklijke Ahold Delhaize NV)","STOCK",32.51,"EUR","Euronext Amsterdam",,,,,,,false,
"2024-11-11T02:05:23.000Z","BUY",1,"SGRO.L (Segro PLC)","STOCK",7.78,"GBP","London Stock Exchange",,,,,,,false,
"2024-11-11T02:05:37.000Z","BUY",1,"SGRO.L (Segro PLC)","STOCK",7.78,"GBP","London Stock Exchange",,,,,,,false,
"2024-11-11T02:05:45.000Z","BUY",1,"SGRO.L (Segro PLC)","STOCK",7.78,"GBP","London Stock Exchange",,,,,,,false,
"2024-11-11T02:05:54.000Z","BUY",1,"SGRO.L (Segro PLC)","STOCK",7.78,"GBP","London Stock Exchange",,,,,,,false,
"2024-11-11T02:06:03.000Z","BUY",1,"SGRO.L (Segro PLC)","STOCK",7.78,"GBP","London Stock Exchange",,,,,,,false,
"2024-11-11T02:06:12.000Z","BUY",1,"SGRO.L (Segro PLC)","STOCK",7.78,"GBP","London Stock Exchange",,,,,,,false,
"2024-11-11T02:06:20.000Z","BUY",1,"SGRO.L (Segro PLC)","STOCK",7.78,"GBP","London Stock Exchange",,,,,,,false,
"2024-11-11T02:11:17.000Z","BUY",1,"LOGN.SW (Logitech International SA)","STOCK",69.56,"CHF","SIX Swiss Exchange",,,,,,,false,
"2024-11-11T02:11:27.000Z","BUY",1,"LOGN.SW (Logitech International SA)","STOCK",69.56,"CHF","SIX Swiss Exchange",,,,,,,false,
"2024-11-11T02:11:35.000Z","BUY",1,"LOGN.SW (Logitech International SA)","STOCK",69.56,"CHF","SIX Swiss Exchange",,,,,,,false,
"2024-11-11T02:11:44.000Z","BUY",1,"LOGN.SW (Logitech International SA)","STOCK",69.56,"CHF","SIX Swiss Exchange",,,,,,,false,
"2024-11-11T02:12:27.000Z","BUY",1,"LOGNE.SW (Logitech International SA)","STOCK",69.96,"CHF","SIX Swiss Exchange",,,,,,,false,
"2024-11-11T02:12:35.000Z","BUY",1,"LOGNE.SW (Logitech International SA)","STOCK",69.96,"CHF","SIX Swiss Exchange",,,,,,,false,
"2024-11-11T02:12:42.000Z","BUY",1,"LOGNE.SW (Logitech International SA)","STOCK",69.96,"CHF","SIX Swiss Exchange",,,,,,,false,
"2024-11-11T02:13:20.000Z","BUY",1,"WOW.AX (Woolworths Group Ltd)","STOCK",29.44,"AUD","ASX",,,,,,,false,
"2024-11-11T02:13:28.000Z","BUY",1,"WOW.AX (Woolworths Group Ltd)","STOCK",29.45,"AUD","ASX",,,,,,,false,
"2024-11-11T02:13:36.000Z","BUY",1,"WOW.AX (Woolworths Group Ltd)","STOCK",29.44,"AUD","ASX",,,,,,,false,
"2024-11-11T02:13:48.000Z","BUY",1,"WOW.AX (Woolworths Group Ltd)","STOCK",29.44,"AUD","ASX",,,,,,,false,
"2024-11-11T02:13:57.000Z","BUY",1,"WOW.AX (Woolworths Group Ltd)","STOCK",29.45,"AUD","ASX",,,,,,,false,
"2024-11-11T02:14:56.000Z","BUY",1,"RIO.AX (Rio Tinto Ltd)","STOCK",118.99,"AUD","ASX",,,,,,,false,
"2024-11-11T02:15:06.000Z","BUY",1,"RIO.AX (Rio Tinto Ltd)","STOCK",118.99,"AUD","ASX",,,,,,,false,
"2024-11-11T02:15:15.000Z","BUY",1,"RIO.AX (Rio Tinto Ltd)","STOCK",118.98,"AUD","ASX",,,,,,,false,
"2024-11-11T02:15:23.000Z","BUY",1,"RIO.AX (Rio Tinto Ltd)","STOCK",118.99,"AUD","ASX",,,,,,,false,
"2024-11-11T02:15:32.000Z","BUY",1,"RIO.AX (Rio Tinto Ltd)","STOCK",118.99,"AUD","ASX",,,,,,,false,
"2024-11-11T02:17:53.000Z","BUY",1,"LODHA.NS (Macrotech Developers Ltd)","STOCK",1174.25,"INR","National Stock Exchange of India",,,,,,,false,
"2024-11-11T02:18:03.000Z","BUY",1,"LODHA.NS (Macrotech Developers Ltd)","STOCK",1174.25,"INR","National Stock Exchange of India",,,,,,,false,
"2024-11-11T02:18:13.000Z","BUY",1,"LODHA.NS (Macrotech Developers Ltd)","STOCK",1174.25,"INR","National Stock Exchange of India",,,,,,,false,
"2024-11-11T02:18:23.000Z","BUY",1,"LODHA.NS (Macrotech Developers Ltd)","STOCK",1174.25,"INR","National Stock Exchange of India",,,,,,,false,
"2024-11-11T02:18:32.000Z","BUY",1,"LODHA.NS (Macrotech Developers Ltd)","STOCK",1174.25,"INR","National Stock Exchange of India",,,,,,,false,
"2024-11-11T12:10:25.000Z","BUY",1,"1833.HK (Ping An Healthcare And Technology Company Limited)","STOCK",14.05,"HKD","Hong Kong Exchange",,,,,,,false,
"2024-11-11T12:10:35.000Z","BUY",1,"1833.HK (Ping An Healthcare And Technology Company Limited)","STOCK",14.05,"HKD","Hong Kong Exchange",,,,,,,false,
"2024-11-11T12:31:07.000Z","BUY",1,"ADYEN.AS (Adyen NV)","STOCK",1298.6,"EUR","Euronext Amsterdam",,,,,,,false,
"2024-11-11T12:31:14.000Z","BUY",1,"ADYEN.AS (Adyen NV)","STOCK",1298.6,"EUR","Euronext Amsterdam",,,,,,,false,
"2024-11-11T12:31:20.000Z","BUY",1,"ADYEN.AS (Adyen NV)","STOCK",1298.6,"EUR","Euronext Amsterdam",,,,,,,false,
"2024-11-11T12:31:27.000Z","BUY",1,"ADYEN.AS (Adyen NV)","STOCK",1298.6,"EUR","Euronext Amsterdam",,,,,,,false,
"2024-11-11T12:31:34.000Z","BUY",1,"ADYEN.AS (Adyen NV)","STOCK",1298.6,"EUR","Euronext Amsterdam",,,,,,,false,
"2024-11-11T12:31:53.000Z","BUY",1,"NWG.L (NatWest Group PLC)","STOCK",3.93,"GBP","London Stock Exchange",,,,,,,false,
"2024-11-11T12:31:59.000Z","BUY",1,"NWG.L (NatWest Group PLC)","STOCK",3.93,"GBP","London Stock Exchange",,,,,,,false,
"2024-11-11T12:32:07.000Z","BUY",1,"NWG.L (NatWest Group PLC)","STOCK",3.93,"GBP","London Stock Exchange",,,,,,,false,
"2024-11-11T12:32:16.000Z","BUY",1,"NWG.L (NatWest Group PLC)","STOCK",3.93,"GBP","London Stock Exchange",,,,,,,false,
"2024-11-11T12:32:22.000Z","BUY",1,"NWG.L (NatWest Group PLC)","STOCK",3.93,"GBP","London Stock Exchange",,,,,,,false,
"2024-11-11T12:33:01.000Z","BUY",1,"NAB.AX (National Australia Bank Ltd)","STOCK",39.75,"AUD","ASX",,,,,,,false,
"2024-11-11T12:33:09.000Z","BUY",1,"NAB.AX (National Australia Bank Ltd)","STOCK",39.75,"AUD","ASX",,,,,,,false,
"2024-11-11T12:33:14.000Z","BUY",1,"NAB.AX (National Australia Bank Ltd)","STOCK",39.75,"AUD","ASX",,,,,,,false,
"2024-11-11T12:35:15.000Z","BUY",1,"USDMXN (US Dollar/Mexican Peso)","FOREX",20.4439,"MXN","Xignite",,,,,,,false,
"2024-11-11T12:35:21.000Z","BUY",1,"USDMXN (US Dollar/Mexican Peso)","FOREX",20.4439,"MXN","Xignite",,,,,,,false,
"2024-11-11T12:35:27.000Z","BUY",1,"USDMXN (US Dollar/Mexican Peso)","FOREX",20.4439,"MXN","Xignite",,,,,,,false,
"2024-11-11T12:35:34.000Z","BUY",1,"USDMXN (US Dollar/Mexican Peso)","FOREX",20.4579,"MXN","Xignite",,,,,,,false,
"2024-11-11T12:35:40.000Z","BUY",1,"USDMXN (US Dollar/Mexican Peso)","FOREX",20.4579,"MXN","Xignite",,,,,,,false,
"2024-11-11T12:37:42.000Z","BUY",1,"EL.PA (EssilorLuxottica SA)","STOCK",231,"EUR","Euronext Paris",,,,,,,false,
"2024-11-11T12:37:48.000Z","BUY",1,"EL.PA (EssilorLuxottica SA)","STOCK",231,"EUR","Euronext Paris",,,,,,,false,
"2024-11-11T12:37:55.000Z","BUY",1,"EL.PA (EssilorLuxottica SA)","STOCK",231,"EUR","Euronext Paris",,,,,,,false,
"2024-11-11T12:38:02.000Z","BUY",1,"EL.PA (EssilorLuxottica SA)","STOCK",231,"EUR","Euronext Paris",,,,,,,false,
"2024-11-11T12:38:09.000Z","BUY",1,"EL.PA (EssilorLuxottica SA)","STOCK",231,"EUR","Euronext Paris",,,,,,,false,
"2024-11-11T12:51:12.000Z","BUY",1,"XPBR.MC (Petroleo Brasileiro SA)","STOCK",6.56,"EUR","Bolsa de Madrid",,,,,,,false,
"2024-11-11T12:51:19.000Z","BUY",1,"XPBR.MC (Petroleo Brasileiro SA)","STOCK",6.56,"EUR","Bolsa de Madrid",,,,,,,false,
"2024-11-11T12:51:25.000Z","BUY",1,"XPBR.MC (Petroleo Brasileiro SA)","STOCK",6.56,"EUR","Bolsa de Madrid",,,,,,,false,
"2024-11-11T12:51:34.000Z","BUY",1,"XPBR.MC (Petroleo Brasileiro SA)","STOCK",6.56,"EUR","Bolsa de Madrid",,,,,,,false,
"2024-11-11T12:51:40.000Z","BUY",1,"XPBR.MC (Petroleo Brasileiro SA)","STOCK",6.56,"EUR","Bolsa de Madrid",,,,,,,false,
"2024-11-11T13:07:18.000Z","BUY",1,"CNDX.AS (iShares NASDAQ 100 UCITS ETF)","FUND",1138.2,"EUR","Euronext Amsterdam",,,,,,,false,
"2024-11-11T13:07:25.000Z","BUY",1,"CNDX.AS (iShares NASDAQ 100 UCITS ETF)","FUND",1138.2,"EUR","Euronext Amsterdam",,,,,,,false,
"2024-11-11T13:07:31.000Z","BUY",1,"CNDX.AS (iShares NASDAQ 100 UCITS ETF)","FUND",1138.2,"EUR","Euronext Amsterdam",,,,,,,false,
"2024-11-11T13:07:38.000Z","BUY",1,"CNDX.AS (iShares NASDAQ 100 UCITS ETF)","FUND",1138.2,"EUR","Euronext Amsterdam",,,,,,,false,
"2024-11-11T13:07:45.000Z","BUY",1,"CNDX.AS (iShares NASDAQ 100 UCITS ETF)","FUND",1138.2,"EUR","Euronext Amsterdam",,,,,,,false,
"2024-11-11T13:08:06.000Z","BUY",1,"SWDA.MI (iShares Core MSCI World UCITS ETF)","FUND",103.6,"EUR","Borsa Italiana",,,,,,,false,
"2024-11-11T13:08:13.000Z","BUY",1,"SWDA.MI (iShares Core MSCI World UCITS ETF)","FUND",103.6,"EUR","Borsa Italiana",,,,,,,false,
"2024-11-11T13:08:19.000Z","BUY",1,"SWDA.MI (iShares Core MSCI World UCITS ETF)","FUND",103.6,"EUR","Borsa Italiana",,,,,,,false,
"2024-11-11T13:08:26.000Z","BUY",1,"SWDA.MI (iShares Core MSCI World UCITS ETF)","FUND",103.6,"EUR","Borsa Italiana",,,,,,,false,
"2024-11-11T13:08:32.000Z","BUY",1,"SWDA.MI (iShares Core MSCI World UCITS ETF)","FUND",103.6,"EUR","Borsa Italiana",,,,,,,false,
"2024-11-11T13:08:59.000Z","BUY",1,"VUAG.L (Vanguard S&P 500 UCITS ETF)","FUND",88.78,"GBP","London Stock Exchange",,,,,,,false,
"2024-11-11T13:09:07.000Z","BUY",1,"VUAG.L (Vanguard S&P 500 UCITS ETF)","FUND",88.78,"GBP","London Stock Exchange",,,,,,,false,
"2024-11-11T13:09:14.000Z","BUY",1,"VUAG.L (Vanguard S&P 500 UCITS ETF)","FUND",88.77,"GBP","London Stock Exchange",,,,,,,false,
"2024-11-11T13:09:21.000Z","BUY",1,"VUAG.L (Vanguard S&P 500 UCITS ETF)","FUND",88.77,"GBP","London Stock Exchange",,,,,,,false,
"2024-11-11T13:09:28.000Z","BUY",1,"VUAG.L (Vanguard S&P 500 UCITS ETF)","FUND",88.77,"GBP","London Stock Exchange",,,,,,,false,
"2024-11-11T13:09:57.000Z","BUY",1,"VUSA.AS (Vanguard S&P 500 UCITS ETF)","FUND",107.29,"EUR","Euronext Amsterdam",,,,,,,false,
"2024-11-11T13:10:05.000Z","BUY",1,"VUSA.AS (Vanguard S&P 500 UCITS ETF)","FUND",107.29,"EUR","Euronext Amsterdam",,,,,,,false,
"2024-11-11T13:10:12.000Z","BUY",1,"VUSA.AS (Vanguard S&P 500 UCITS ETF)","FUND",107.29,"EUR","Euronext Amsterdam",,,,,,,false,
"2024-11-11T13:10:19.000Z","BUY",1,"VUSA.AS (Vanguard S&P 500 UCITS ETF)","FUND",107.29,"EUR","Euronext Amsterdam",,,,,,,false,
"2024-11-11T13:10:26.000Z","BUY",1,"VUSA.AS (Vanguard S&P 500 UCITS ETF)","FUND",107.29,"EUR","Euronext Amsterdam",,,,,,,false,
"2024-11-11T13:10:51.000Z","BUY",1,"IWDA.AS (iShares Core MSCI World UCITS ETF)","FUND",103.6,"EUR","Euronext Amsterdam",,,,,,,false,
"2024-11-11T13:10:59.000Z","BUY",1,"IWDA.AS (iShares Core MSCI World UCITS ETF)","FUND",103.6,"EUR","Euronext Amsterdam",,,,,,,false,
"2024-11-11T13:11:06.000Z","BUY",1,"IWDA.AS (iShares Core MSCI World UCITS ETF)","FUND",103.6,"EUR","Euronext Amsterdam",,,,,,,false,
"2024-11-11T13:11:14.000Z","BUY",1,"IWDA.AS (iShares Core MSCI World UCITS ETF)","FUND",103.6,"EUR","Euronext Amsterdam",,,,,,,false,
"2024-11-11T13:11:21.000Z","BUY",1,"IWDA.AS (iShares Core MSCI World UCITS ETF)","FUND",103.6,"EUR","Euronext Amsterdam",,,,,,,false,
"2024-11-11T13:13:10.000Z","BUY",1,"XRS2.DE (Xtrackers Russell 2000 UCITS ETF)","FUND",334.25,"EUR","Xetra",,,,,,,false,
"2024-11-11T13:13:16.000Z","BUY",1,"XRS2.DE (Xtrackers Russell 2000 UCITS ETF)","FUND",334.25,"EUR","Xetra",,,,,,,false,
"2024-11-11T13:13:23.000Z","BUY",1,"XRS2.DE (Xtrackers Russell 2000 UCITS ETF)","FUND",334.25,"EUR","Xetra",,,,,,,false,
"2024-11-11T13:13:30.000Z","BUY",1,"XRS2.DE (Xtrackers Russell 2000 UCITS ETF)","FUND",334.25,"EUR","Xetra",,,,,,,false,
"2024-11-11T13:13:37.000Z","BUY",1,"XRS2.DE (Xtrackers Russell 2000 UCITS ETF)","FUND",334.25,"EUR","Xetra",,,,,,,false,
"2024-11-11T13:17:00.000Z","BUY",1,"SPL.DE (Leverage Shares 3x Long US 500 ETP Securities)","FUND",19.05,"EUR","Xetra",,,,,,,false,
"2024-11-11T13:17:06.000Z","BUY",1,"SPL.DE (Leverage Shares 3x Long US 500 ETP Securities)","FUND",19.05,"EUR","Xetra",,,,,,,false,
"2024-11-11T13:17:14.000Z","BUY",1,"SPL.DE (Leverage Shares 3x Long US 500 ETP Securities)","FUND",19.05,"EUR","Xetra",,,,,,,false,
"2024-11-11T13:17:21.000Z","BUY",1,"SPL.DE (Leverage Shares 3x Long US 500 ETP Securities)","FUND",19.05,"EUR","Xetra",,,,,,,false,
"2024-11-11T13:17:28.000Z","BUY",1,"SPL.DE (Leverage Shares 3x Long US 500 ETP Securities)","FUND",19.05,"EUR","Xetra",,,,,,,false,
"2024-11-11T13:20:14.000Z","BUY",1,"LEONIA.MI (Amundi EUR Overnight Return UCITS ETF)","FUND",109.88,"EUR","Borsa Italiana",,,,,,,false,
"2024-11-11T13:20:21.000Z","BUY",1,"LEONIA.MI (Amundi EUR Overnight Return UCITS ETF)","FUND",109.88,"EUR","Borsa Italiana",,,,,,,false,
"2024-11-11T13:20:27.000Z","BUY",1,"LEONIA.MI (Amundi EUR Overnight Return UCITS ETF)","FUND",109.88,"EUR","Borsa Italiana",,,,,,,false,
"2024-11-11T13:20:35.000Z","BUY",1,"LEONIA.MI (Amundi EUR Overnight Return UCITS ETF)","FUND",109.88,"EUR","Borsa Italiana",,,,,,,false,
"2024-11-11T13:20:42.000Z","BUY",1,"LEONIA.MI (Amundi EUR Overnight Return UCITS ETF)","FUND",109.88,"EUR","Borsa Italiana",,,,,,,false,
"2024-11-11T13:22:50.000Z","BUY",1,"EHYA.AS (iShares EUR High Yield Corp Bond ESG UCITS ETF)","FUND",5.48,"EUR","Euronext Amsterdam",,,,,,,false,
"2024-11-11T13:22:56.000Z","BUY",1,"EHYA.AS (iShares EUR High Yield Corp Bond ESG UCITS ETF)","FUND",5.48,"EUR","Euronext Amsterdam",,,,,,,false,
"2024-11-11T13:23:02.000Z","BUY",1,"EHYA.AS (iShares EUR High Yield Corp Bond ESG UCITS ETF)","FUND",5.48,"EUR","Euronext Amsterdam",,,,,,,false,
"2024-11-11T13:23:09.000Z","BUY",1,"EHYA.AS (iShares EUR High Yield Corp Bond ESG UCITS ETF)","FUND",5.48,"EUR","Euronext Amsterdam",,,,,,,false,
"2024-11-11T13:23:16.000Z","BUY",1,"EHYA.AS (iShares EUR High Yield Corp Bond ESG UCITS ETF)","FUND",5.48,"EUR","Euronext Amsterdam",,,,,,,false,
"2024-11-11T13:24:47.000Z","BUY",1,"500P.L (Franklin S&P 500 Paris Aligned Climate UCITS ETF)","FUND",39.03,"GBP","London Stock Exchange",,,,,,,false,
"2024-11-11T13:24:54.000Z","BUY",1,"500P.L (Franklin S&P 500 Paris Aligned Climate UCITS ETF)","FUND",39.03,"GBP","London Stock Exchange",,,,,,,false,
"2024-11-11T13:25:01.000Z","BUY",1,"500P.L (Franklin S&P 500 Paris Aligned Climate UCITS ETF)","FUND",39.03,"GBP","London Stock Exchange",,,,,,,false,
"2024-11-11T13:25:09.000Z","BUY",1,"500P.L (Franklin S&P 500 Paris Aligned Climate UCITS ETF)","FUND",39.03,"GBP","London Stock Exchange",,,,,,,false,
"2024-11-11T13:25:16.000Z","BUY",1,"500P.L (Franklin S&P 500 Paris Aligned Climate UCITS ETF)","FUND",39.03,"GBP","London Stock Exchange",,,,,,,false,
"2024-12-05T04:38:11.000Z","BUY",1,"BTC (Bitcoin)","CRYPTO",102627.97,"USD","DGA",,,,,,,true,
"2024-12-05T04:38:43.000Z","BUY",1,"BTC (Bitcoin)","CRYPTO",102645.21,"USD","DGA",,,,,,,true,
"2024-12-05T04:39:16.000Z","BUY",1,"BTC (Bitcoin)","CRYPTO",102688.3,"USD","DGA",,,,,,,true,
"2024-12-05T04:39:47.000Z","BUY",1,"BTC (Bitcoin)","CRYPTO",102676.64,"USD","DGA",,,,,,,true,
"2024-12-05T04:40:21.000Z","BUY",1,"BTC (Bitcoin)","CRYPTO",102695.24,"USD","DGA",,,,,,,true,
"2024-12-26T02:44:43.000Z","BUY",1,"CSX (CSX Corp)","STOCK",32.57,"USD","Nasdaq",,,,,,,false,
"2024-12-26T02:46:02.000Z","BUY",1,"000333.SZ (Midea Group Co Ltd)","STOCK",75.34,"CNY","Shenzhen Stock Exchange",,,,,,,false,
"2024-12-26T03:00:45.000Z","BUY",1,"TSLA (Tesla Inc)","STOCK",462.28,"USD","Nasdaq",,,,,,,true,
"2024-12-26T03:00:59.000Z","BUY",1,"TSLA (Tesla Inc)","STOCK",462.28,"USD","Nasdaq",,,,,,,true,
"2024-12-26T03:01:12.000Z","BUY",1,"TSLA (Tesla Inc)","STOCK",462.28,"USD","Nasdaq",,,,,,,true,
"2025-01-31T22:45:29.000Z","BUY",999.999,"O (Realty Income Corp)","STOCK",54639.94536,"USD","New York Stock Exchange",,,,,,,true,